1, 100, 0.6923
2, 100, 0.5477
3, 100, 0.67
4, 100, 0.5437
5, 100, 0.6347
6, 100, 0.5239
7, 100, 0.6046
8, 100, 0.5111
9, 100, 0.5744
10, 100, 0.495
11, 100, 0.5552
12, 100, 0.4737
13, 100, 0.5327
14, 100, 0.4375
15, 100, 0.4977
16, 100, 0.4032
17, 100, 0.458
18, 100, 0.3801
19, 100, 0.4305
20, 100, 0.3648
21, 100, 0.4076
22, 100, 0.3164
23, 100, 0.3598
24, 100, 0.2889
1, 300, 0.8102
2, 300, 0.6798
3, 300, 0.789
4, 300, 0.6982
5, 300, 0.7695
6, 300, 0.6947
7, 300, 0.7522
8, 300, 0.6847
9, 300, 0.7339
10, 300, 0.6721
11, 300, 0.7215
12, 300, 0.6633
13, 300, 0.7037
14, 300, 0.6487
15, 300, 0.6904
16, 300, 0.6437
17, 300, 0.6805
18, 300, 0.6303
19, 300, 0.6671
20, 300, 0.6207
21, 300, 0.6531
22, 300, 0.6085
23, 300, 0.6424
24, 300, 0.5968
1, 500, 0.8458
2, 500, 0.7346
3, 500, 0.8311
4, 500, 0.7591
5, 500, 0.8203
6, 500, 0.7596
7, 500, 0.8081
8, 500, 0.7562
9, 500, 0.7966
10, 500, 0.7525
11, 500, 0.7879
12, 500, 0.7429
13, 500, 0.7744
14, 500, 0.7364
15, 500, 0.7659
16, 500, 0.7282
17, 500, 0.7563
18, 500, 0.7201
19, 500, 0.7464
20, 500, 0.713
21, 500, 0.7378
22, 500, 0.7054
23, 500, 0.7312
24, 500, 0.7008
1, 700, 0.8637
2, 700, 0.7596
3, 700, 0.858
4, 700, 0.7899
5, 700, 0.8503
6, 700, 0.794
7, 700, 0.8366
8, 700, 0.7923
9, 700, 0.8293
10, 700, 0.7902
11, 700, 0.8201
12, 700, 0.7818
13, 700, 0.8085
14, 700, 0.7748
15, 700, 0.8025
16, 700, 0.7717
17, 700, 0.7969
18, 700, 0.7665
19, 700, 0.7887
20, 700, 0.7596
21, 700, 0.7798
22, 700, 0.7534
23, 700, 0.7732
24, 700, 0.7469
1, 900, 0.8761
2, 900, 0.7745
3, 900, 0.8685
4, 900, 0.8065
5, 900, 0.8615
6, 900, 0.8116
7, 900, 0.8496
8, 900, 0.8118
9, 900, 0.8431
10, 900, 0.8051
11, 900, 0.8357
12, 900, 0.8029
13, 900, 0.8267
14, 900, 0.7954
15, 900, 0.8179
16, 900, 0.7885
17, 900, 0.8119
18, 900, 0.7876
19, 900, 0.8071
20, 900, 0.7823
21, 900, 0.8001
22, 900, 0.7769
23, 900, 0.7951
24, 900, 0.77
1, 1100, 0.8862
2, 1100, 0.7926
3, 1100, 0.8832
4, 1100, 0.827
5, 1100, 0.8748
6, 1100, 0.8268
7, 1100, 0.8646
8, 1100, 0.8291
9, 1100, 0.8588
10, 1100, 0.8222
11, 1100, 0.8498
12, 1100, 0.8186
13, 1100, 0.8434
14, 1100, 0.814
15, 1100, 0.838
16, 1100, 0.8105
17, 1100, 0.8293
18, 1100, 0.8034
19, 1100, 0.8231
20, 1100, 0.8009
21, 1100, 0.8169
22, 1100, 0.795
23, 1100, 0.8105
24, 1100, 0.7883
1, 1300, 0.89
2, 1300, 0.7989
3, 1300, 0.8884
4, 1300, 0.8346
5, 1300, 0.8802
6, 1300, 0.8386
7, 1300, 0.8704
8, 1300, 0.8369
9, 1300, 0.8653
10, 1300, 0.8351
11, 1300, 0.8598
12, 1300, 0.8302
13, 1300, 0.8538
14, 1300, 0.8272
15, 1300, 0.8476
16, 1300, 0.8219
17, 1300, 0.8412
18, 1300, 0.8181
19, 1300, 0.8372
20, 1300, 0.8142
21, 1300, 0.8304
22, 1300, 0.8101
23, 1300, 0.8262
24, 1300, 0.8064
1, 1500, 0.8953
2, 1500, 0.8118
3, 1500, 0.8943
4, 1500, 0.8462
5, 1500, 0.8859
6, 1500, 0.8494
7, 1500, 0.8787
8, 1500, 0.8462
9, 1500, 0.8705
10, 1500, 0.8459
11, 1500, 0.8673
12, 1500, 0.8435
13, 1500, 0.8627
14, 1500, 0.8378
15, 1500, 0.8561
16, 1500, 0.8355
17, 1500, 0.8515
18, 1500, 0.8307
19, 1500, 0.8468
20, 1500, 0.8267
21, 1500, 0.8413
22, 1500, 0.8244
23, 1500, 0.8377
24, 1500, 0.8205
1, 1700, 0.9009
2, 1700, 0.8224
3, 1700, 0.9006
4, 1700, 0.8572
5, 1700, 0.8915
6, 1700, 0.8599
7, 1700, 0.8864
8, 1700, 0.8589
9, 1700, 0.8809
10, 1700, 0.8565
11, 1700, 0.8757
12, 1700, 0.8541
13, 1700, 0.8718
14, 1700, 0.8495
15, 1700, 0.8653
16, 1700, 0.8452
17, 1700, 0.8616
18, 1700, 0.842
19, 1700, 0.855
20, 1700, 0.8376
21, 1700, 0.8494
22, 1700, 0.8337
23, 1700, 0.8447
24, 1700, 0.8284
1, 1900, 0.9076
2, 1900, 0.8349
3, 1900, 0.9063
4, 1900, 0.8657
5, 1900, 0.8987
6, 1900, 0.8685
7, 1900, 0.8955
8, 1900, 0.8685
9, 1900, 0.8902
10, 1900, 0.8651
11, 1900, 0.8844
12, 1900, 0.8634
13, 1900, 0.8789
14, 1900, 0.8611
15, 1900, 0.876
16, 1900, 0.8579
17, 1900, 0.8718
18, 1900, 0.8526
19, 1900, 0.8669
20, 1900, 0.8502
21, 1900, 0.8636
22, 1900, 0.8496
23, 1900, 0.8589
24, 1900, 0.844
1, 2100, 0.9115
2, 2100, 0.8416
3, 2100, 0.9118
4, 2100, 0.8711
5, 2100, 0.9066
6, 2100, 0.8743
7, 2100, 0.9021
8, 2100, 0.8763
9, 2100, 0.8968
10, 2100, 0.8728
11, 2100, 0.8901
12, 2100, 0.8695
13, 2100, 0.8851
14, 2100, 0.8688
15, 2100, 0.8822
16, 2100, 0.867
17, 2100, 0.8792
18, 2100, 0.8629
19, 2100, 0.8748
20, 2100, 0.8589
21, 2100, 0.8719
22, 2100, 0.8574
23, 2100, 0.8671
24, 2100, 0.8523
1, 2300, 0.9144
2, 2300, 0.8502
3, 2300, 0.9162
4, 2300, 0.8781
5, 2300, 0.9127
6, 2300, 0.8826
7, 2300, 0.9075
8, 2300, 0.8832
9, 2300, 0.9024
10, 2300, 0.8806
11, 2300, 0.8959
12, 2300, 0.8781
13, 2300, 0.8922
14, 2300, 0.8767
15, 2300, 0.8901
16, 2300, 0.8739
17, 2300, 0.8862
18, 2300, 0.8717
19, 2300, 0.8823
20, 2300, 0.8686
21, 2300, 0.879
22, 2300, 0.8661
23, 2300, 0.875
24, 2300, 0.8603
1, 2500, 0.9175
2, 2500, 0.8556
3, 2500, 0.9197
4, 2500, 0.8836
5, 2500, 0.916
6, 2500, 0.8868
7, 2500, 0.9111
8, 2500, 0.8873
9, 2500, 0.9064
10, 2500, 0.8861
11, 2500, 0.8989
12, 2500, 0.8825
13, 2500, 0.897
14, 2500, 0.8811
15, 2500, 0.8945
16, 2500, 0.8799
17, 2500, 0.8902
18, 2500, 0.8766
19, 2500, 0.8872
20, 2500, 0.8733
21, 2500, 0.8832
22, 2500, 0.8714
23, 2500, 0.882
24, 2500, 0.8684
1, 2700, 0.92
2, 2700, 0.8595
3, 2700, 0.9212
4, 2700, 0.8848
5, 2700, 0.9184
6, 2700, 0.8893
7, 2700, 0.9134
8, 2700, 0.8917
9, 2700, 0.9103
10, 2700, 0.89
11, 2700, 0.904
12, 2700, 0.8865
13, 2700, 0.9008
14, 2700, 0.8856
15, 2700, 0.898
16, 2700, 0.8852
17, 2700, 0.8948
18, 2700, 0.882
19, 2700, 0.8905
20, 2700, 0.8771
21, 2700, 0.8867
22, 2700, 0.8743
23, 2700, 0.8845
24, 2700, 0.8723
1, 2900, 0.9226
2, 2900, 0.8629
3, 2900, 0.9247
4, 2900, 0.8869
5, 2900, 0.9199
6, 2900, 0.8921
7, 2900, 0.916
8, 2900, 0.8943
9, 2900, 0.9117
10, 2900, 0.8933
11, 2900, 0.9077
12, 2900, 0.8903
13, 2900, 0.9037
14, 2900, 0.8893
15, 2900, 0.9014
16, 2900, 0.8882
17, 2900, 0.8965
18, 2900, 0.8846
19, 2900, 0.8936
20, 2900, 0.8813
21, 2900, 0.8901
22, 2900, 0.878
23, 2900, 0.8875
24, 2900, 0.8763
1, 3100, 0.9246
2, 3100, 0.8648
3, 3100, 0.9256
4, 3100, 0.89
5, 3100, 0.9218
6, 3100, 0.895
7, 3100, 0.9173
8, 3100, 0.8966
9, 3100, 0.9129
10, 3100, 0.8961
11, 3100, 0.9097
12, 3100, 0.8927
13, 3100, 0.9052
14, 3100, 0.8898
15, 3100, 0.9029
16, 3100, 0.889
17, 3100, 0.8988
18, 3100, 0.8865
19, 3100, 0.8965
20, 3100, 0.8843
21, 3100, 0.893
22, 3100, 0.88
23, 3100, 0.8888
24, 3100, 0.8773
1, 3300, 0.9258
2, 3300, 0.8691
3, 3300, 0.9287
4, 3300, 0.8934
5, 3300, 0.9247
6, 3300, 0.8983
7, 3300, 0.9203
8, 3300, 0.9015
9, 3300, 0.9171
10, 3300, 0.9005
11, 3300, 0.9134
12, 3300, 0.8988
13, 3300, 0.9088
14, 3300, 0.8934
15, 3300, 0.9056
16, 3300, 0.8929
17, 3300, 0.9024
18, 3300, 0.8912
19, 3300, 0.9003
20, 3300, 0.8875
21, 3300, 0.8947
22, 3300, 0.8833
23, 3300, 0.8929
24, 3300, 0.8822
1, 3500, 0.9281
2, 3500, 0.8723
3, 3500, 0.9306
4, 3500, 0.8982
5, 3500, 0.9271
6, 3500, 0.9015
7, 3500, 0.9228
8, 3500, 0.9051
9, 3500, 0.9206
10, 3500, 0.9046
11, 3500, 0.9182
12, 3500, 0.9047
13, 3500, 0.9135
14, 3500, 0.8991
15, 3500, 0.91
16, 3500, 0.8975
17, 3500, 0.9071
18, 3500, 0.895
19, 3500, 0.9042
20, 3500, 0.8925
21, 3500, 0.8988
22, 3500, 0.8883
23, 3500, 0.8968
24, 3500, 0.8875
1, 3700, 0.9302
2, 3700, 0.8748
3, 3700, 0.9322
4, 3700, 0.9011
5, 3700, 0.9296
6, 3700, 0.9043
7, 3700, 0.9253
8, 3700, 0.9063
9, 3700, 0.9236
10, 3700, 0.9071
11, 3700, 0.9206
12, 3700, 0.9067
13, 3700, 0.9158
14, 3700, 0.905
15, 3700, 0.9135
16, 3700, 0.901
17, 3700, 0.9106
18, 3700, 0.8992
19, 3700, 0.9071
20, 3700, 0.8968
21, 3700, 0.9042
22, 3700, 0.8932
23, 3700, 0.9002
24, 3700, 0.8904
1, 3900, 0.932
2, 3900, 0.8773
3, 3900, 0.9333
4, 3900, 0.9034
5, 3900, 0.9314
6, 3900, 0.9087
7, 3900, 0.9277
8, 3900, 0.9084
9, 3900, 0.9249
10, 3900, 0.9095
11, 3900, 0.9221
12, 3900, 0.9087
13, 3900, 0.9178
14, 3900, 0.906
15, 3900, 0.9154
16, 3900, 0.9042
17, 3900, 0.9131
18, 3900, 0.9023
19, 3900, 0.9104
20, 3900, 0.9007
21, 3900, 0.9082
22, 3900, 0.8975
23, 3900, 0.9041
24, 3900, 0.8934
1, 4100, 0.9326
2, 4100, 0.8792
3, 4100, 0.9342
4, 4100, 0.9042
5, 4100, 0.9325
6, 4100, 0.909
7, 4100, 0.9271
8, 4100, 0.9099
9, 4100, 0.9258
10, 4100, 0.9112
11, 4100, 0.9232
12, 4100, 0.9094
13, 4100, 0.9192
14, 4100, 0.9083
15, 4100, 0.9178
16, 4100, 0.9071
17, 4100, 0.9155
18, 4100, 0.9049
19, 4100, 0.9127
20, 4100, 0.9028
21, 4100, 0.9107
22, 4100, 0.8994
23, 4100, 0.9067
24, 4100, 0.8976
1, 4300, 0.9336
2, 4300, 0.8814
3, 4300, 0.937
4, 4300, 0.9066
5, 4300, 0.9338
6, 4300, 0.912
7, 4300, 0.9297
8, 4300, 0.9126
9, 4300, 0.9267
10, 4300, 0.9125
11, 4300, 0.9244
12, 4300, 0.9098
13, 4300, 0.9202
14, 4300, 0.9079
15, 4300, 0.9179
16, 4300, 0.9076
17, 4300, 0.9164
18, 4300, 0.9056
19, 4300, 0.914
20, 4300, 0.904
21, 4300, 0.9112
22, 4300, 0.9007
23, 4300, 0.9078
24, 4300, 0.8987
1, 4500, 0.9362
2, 4500, 0.8825
3, 4500, 0.938
4, 4500, 0.9093
5, 4500, 0.9348
6, 4500, 0.9137
7, 4500, 0.9321
8, 4500, 0.9152
9, 4500, 0.9292
10, 4500, 0.9145
11, 4500, 0.9266
12, 4500, 0.9119
13, 4500, 0.9222
14, 4500, 0.9106
15, 4500, 0.9201
16, 4500, 0.9095
17, 4500, 0.9186
18, 4500, 0.9067
19, 4500, 0.9152
20, 4500, 0.9065
21, 4500, 0.9138
22, 4500, 0.9054
23, 4500, 0.9119
24, 4500, 0.9029
1, 4700, 0.9372
2, 4700, 0.8842
3, 4700, 0.9374
4, 4700, 0.9092
5, 4700, 0.9363
6, 4700, 0.9148
7, 4700, 0.9333
8, 4700, 0.916
9, 4700, 0.9291
10, 4700, 0.9153
11, 4700, 0.9263
12, 4700, 0.9118
13, 4700, 0.9242
14, 4700, 0.9113
15, 4700, 0.9205
16, 4700, 0.9097
17, 4700, 0.9189
18, 4700, 0.9083
19, 4700, 0.9164
20, 4700, 0.9071
21, 4700, 0.9157
22, 4700, 0.9056
23, 4700, 0.9125
24, 4700, 0.9038
1, 4900, 0.9387
2, 4900, 0.8862
3, 4900, 0.9393
4, 4900, 0.9112
5, 4900, 0.9384
6, 4900, 0.9149
7, 4900, 0.933
8, 4900, 0.9173
9, 4900, 0.9306
10, 4900, 0.917
11, 4900, 0.9266
12, 4900, 0.914
13, 4900, 0.9247
14, 4900, 0.9116
15, 4900, 0.9215
16, 4900, 0.9114
17, 4900, 0.9198
18, 4900, 0.9095
19, 4900, 0.9177
20, 4900, 0.9081
21, 4900, 0.9166
22, 4900, 0.9072
23, 4900, 0.9138
24, 4900, 0.9054
1, 5100, 0.9395
2, 5100, 0.887
3, 5100, 0.9405
4, 5100, 0.9109
5, 5100, 0.9383
6, 5100, 0.916
7, 5100, 0.9331
8, 5100, 0.9179
9, 5100, 0.9318
10, 5100, 0.9179
11, 5100, 0.9277
12, 5100, 0.9158
13, 5100, 0.9256
14, 5100, 0.913
15, 5100, 0.9225
16, 5100, 0.912
17, 5100, 0.9204
18, 5100, 0.911
19, 5100, 0.9183
20, 5100, 0.9082
21, 5100, 0.917
22, 5100, 0.9067
23, 5100, 0.9135
24, 5100, 0.9053
1, 5300, 0.9401
2, 5300, 0.8878
3, 5300, 0.9409
4, 5300, 0.9128
5, 5300, 0.9395
6, 5300, 0.9174
7, 5300, 0.9337
8, 5300, 0.9186
9, 5300, 0.9319
10, 5300, 0.9183
11, 5300, 0.9289
12, 5300, 0.9168
13, 5300, 0.926
14, 5300, 0.9133
15, 5300, 0.9243
16, 5300, 0.9129
17, 5300, 0.9212
18, 5300, 0.9124
19, 5300, 0.9198
20, 5300, 0.9107
21, 5300, 0.919
22, 5300, 0.9088
23, 5300, 0.9143
24, 5300, 0.9063
1, 5500, 0.9401
2, 5500, 0.8892
3, 5500, 0.9416
4, 5500, 0.914
5, 5500, 0.9399
6, 5500, 0.9174
7, 5500, 0.9343
8, 5500, 0.9188
9, 5500, 0.9321
10, 5500, 0.9185
11, 5500, 0.9293
12, 5500, 0.9162
13, 5500, 0.926
14, 5500, 0.9139
15, 5500, 0.9246
16, 5500, 0.9133
17, 5500, 0.9218
18, 5500, 0.9125
19, 5500, 0.92
20, 5500, 0.911
21, 5500, 0.9189
22, 5500, 0.9091
23, 5500, 0.9153
24, 5500, 0.907
1, 5700, 0.9408
2, 5700, 0.8911
3, 5700, 0.9419
4, 5700, 0.9149
5, 5700, 0.9399
6, 5700, 0.9173
7, 5700, 0.9344
8, 5700, 0.9195
9, 5700, 0.9326
10, 5700, 0.9189
11, 5700, 0.93
12, 5700, 0.9166
13, 5700, 0.9272
14, 5700, 0.914
15, 5700, 0.925
16, 5700, 0.9133
17, 5700, 0.9221
18, 5700, 0.9132
19, 5700, 0.9195
20, 5700, 0.911
21, 5700, 0.9193
22, 5700, 0.9108
23, 5700, 0.916
24, 5700, 0.9075
1, 5900, 0.9412
2, 5900, 0.8923
3, 5900, 0.9432
4, 5900, 0.9166
5, 5900, 0.94
6, 5900, 0.9186
7, 5900, 0.9355
8, 5900, 0.92
9, 5900, 0.9335
10, 5900, 0.9187
11, 5900, 0.9302
12, 5900, 0.9177
13, 5900, 0.9278
14, 5900, 0.9157
15, 5900, 0.9253
16, 5900, 0.9143
17, 5900, 0.9231
18, 5900, 0.9137
19, 5900, 0.9211
20, 5900, 0.9126
21, 5900, 0.9203
22, 5900, 0.9113
23, 5900, 0.9173
24, 5900, 0.9094
1, 6100, 0.9416
2, 6100, 0.8948
3, 6100, 0.9442
4, 6100, 0.9174
5, 6100, 0.941
6, 6100, 0.9201
7, 6100, 0.9366
8, 6100, 0.9211
9, 6100, 0.9341
10, 6100, 0.9192
11, 6100, 0.9302
12, 6100, 0.9194
13, 6100, 0.9286
14, 6100, 0.9169
15, 6100, 0.9263
16, 6100, 0.9149
17, 6100, 0.9232
18, 6100, 0.9142
19, 6100, 0.9205
20, 6100, 0.9122
21, 6100, 0.9197
22, 6100, 0.9118
23, 6100, 0.9178
24, 6100, 0.9099
1, 6300, 0.942
2, 6300, 0.8955
3, 6300, 0.9445
4, 6300, 0.9178
5, 6300, 0.9417
6, 6300, 0.9217
7, 6300, 0.9376
8, 6300, 0.9226
9, 6300, 0.9355
10, 6300, 0.9211
11, 6300, 0.931
12, 6300, 0.9211
13, 6300, 0.931
14, 6300, 0.9192
15, 6300, 0.9275
16, 6300, 0.916
17, 6300, 0.9248
18, 6300, 0.9152
19, 6300, 0.9222
20, 6300, 0.9144
21, 6300, 0.9212
22, 6300, 0.913
23, 6300, 0.9184
24, 6300, 0.9113
1, 6500, 0.9423
2, 6500, 0.8973
3, 6500, 0.9448
4, 6500, 0.9191
5, 6500, 0.9423
6, 6500, 0.9226
7, 6500, 0.9378
8, 6500, 0.9229
9, 6500, 0.9346
10, 6500, 0.9215
11, 6500, 0.9313
12, 6500, 0.9209
13, 6500, 0.9298
14, 6500, 0.9203
15, 6500, 0.9283
16, 6500, 0.9183
17, 6500, 0.9263
18, 6500, 0.9155
19, 6500, 0.9229
20, 6500, 0.9145
21, 6500, 0.9223
22, 6500, 0.9145
23, 6500, 0.9193
24, 6500, 0.9123
1, 6700, 0.9427
2, 6700, 0.8986
3, 6700, 0.9456
4, 6700, 0.9196
5, 6700, 0.9424
6, 6700, 0.9237
7, 6700, 0.9381
8, 6700, 0.9237
9, 6700, 0.9354
10, 6700, 0.9231
11, 6700, 0.932
12, 6700, 0.9214
13, 6700, 0.9305
14, 6700, 0.9198
15, 6700, 0.9282
16, 6700, 0.919
17, 6700, 0.9273
18, 6700, 0.9169
19, 6700, 0.9239
20, 6700, 0.915
21, 6700, 0.9222
22, 6700, 0.9158
23, 6700, 0.9197
24, 6700, 0.9134
1, 6900, 0.9434
2, 6900, 0.8995
3, 6900, 0.9464
4, 6900, 0.9208
5, 6900, 0.9433
6, 6900, 0.9248
7, 6900, 0.9388
8, 6900, 0.9233
9, 6900, 0.9363
10, 6900, 0.9231
11, 6900, 0.9324
12, 6900, 0.9221
13, 6900, 0.9305
14, 6900, 0.9195
15, 6900, 0.9283
16, 6900, 0.919
17, 6900, 0.9281
18, 6900, 0.917
19, 6900, 0.9243
20, 6900, 0.9161
21, 6900, 0.9228
22, 6900, 0.9168
23, 6900, 0.921
24, 6900, 0.9145
1, 7100, 0.9437
2, 7100, 0.901
3, 7100, 0.9474
4, 7100, 0.9218
5, 7100, 0.9445
6, 7100, 0.9256
7, 7100, 0.9394
8, 7100, 0.9239
9, 7100, 0.9367
10, 7100, 0.9239
11, 7100, 0.9334
12, 7100, 0.9226
13, 7100, 0.9318
14, 7100, 0.9218
15, 7100, 0.9294
16, 7100, 0.9198
17, 7100, 0.9282
18, 7100, 0.9198
19, 7100, 0.9253
20, 7100, 0.9174
21, 7100, 0.9241
22, 7100, 0.9166
23, 7100, 0.9216
24, 7100, 0.9141
1, 7300, 0.9443
2, 7300, 0.9023
3, 7300, 0.9485
4, 7300, 0.9224
5, 7300, 0.9452
6, 7300, 0.9267
7, 7300, 0.94
8, 7300, 0.9248
9, 7300, 0.9362
10, 7300, 0.9244
11, 7300, 0.9334
12, 7300, 0.9232
13, 7300, 0.9322
14, 7300, 0.9228
15, 7300, 0.93
16, 7300, 0.9201
17, 7300, 0.9289
18, 7300, 0.9209
19, 7300, 0.9269
20, 7300, 0.9179
21, 7300, 0.9253
22, 7300, 0.9178
23, 7300, 0.9224
24, 7300, 0.9164
1, 7500, 0.9447
2, 7500, 0.9032
3, 7500, 0.9485
4, 7500, 0.9232
5, 7500, 0.9455
6, 7500, 0.9271
7, 7500, 0.9399
8, 7500, 0.9258
9, 7500, 0.9369
10, 7500, 0.926
11, 7500, 0.9345
12, 7500, 0.9248
13, 7500, 0.9333
14, 7500, 0.9246
15, 7500, 0.9314
16, 7500, 0.922
17, 7500, 0.9304
18, 7500, 0.9223
19, 7500, 0.9281
20, 7500, 0.9195
21, 7500, 0.9262
22, 7500, 0.9181
23, 7500, 0.9236
24, 7500, 0.9179
1, 7700, 0.946
2, 7700, 0.9048
3, 7700, 0.9496
4, 7700, 0.9259
5, 7700, 0.9471
6, 7700, 0.929
7, 7700, 0.9416
3, 20000, 0.9629
